1 1 1
0.618034 0 1.61803
1 -1 1
1 1 1
1 -1 1
1.61803 -0.618034 0
1 1 1
1.61803 -0.618034 0
1.61803 0.618034 0
1.61803 0.618034 0
1.61803 -0.618034 0
1 -1 -1
1.61803 0.618034 0
1 -1 -1
0.618034 0 -1.61803
1.61803 0.618034 0
0.618034 0 -1.61803
1 1 -1
0 -1.61803 -0.618034
-1 -1 -1
-0.618034 0 -1.61803
0 -1.61803 -0.618034
-0.618034 0 -1.61803
0.618034 0 -1.61803
0 -1.61803 -0.618034
0.618034 0 -1.61803
1 -1 -1
-1 -1 1
-1.61803 -0.618034 0
-1 -1 -1
-1 -1 1
-1 -1 -1
0 -1.61803 -0.618034
-1 -1 1
0 -1.61803 -0.618034
0 -1.61803 0.618034
-0.618034 0 1.61803
-1 -1 1
0 -1.61803 0.618034
-0.618034 0 1.61803
0 -1.61803 0.618034
1 -1 1
-0.618034 0 1.61803
1 -1 1
0.618034 0 1.61803
1 -1 1
0 -1.61803 0.618034
0 -1.61803 -0.618034
1 -1 1
0 -1.61803 -0.618034
1 -1 -1
1 -1 1
1 -1 -1
1.61803 -0.618034 0
0.618034 0 1.61803
1 1 1
0 1.61803 0.618034
0.618034 0 1.61803
0 1.61803 0.618034
-1 1 1
0.618034 0 1.61803
-1 1 1
-0.618034 0 1.61803
1 1 1
1.61803 0.618034 0
1 1 -1
1 1 1
1 1 -1
0 1.61803 -0.618034
1 1 1
0 1.61803 -0.618034
0 1.61803 0.618034
0 1.61803 -0.618034
1 1 -1
0.618034 0 -1.61803
0 1.61803 -0.618034
0.618034 0 -1.61803
-0.618034 0 -1.61803
0 1.61803 -0.618034
-0.618034 0 -1.61803
-1 1 -1
-1.61803 0.618034 0
-1 1 -1
-0.618034 0 -1.61803
-1.61803 0.618034 0
-0.618034 0 -1.61803
-1 -1 -1
-1.61803 0.618034 0
-1 -1 -1
-1.61803 -0.618034 0
-0.618034 0 1.61803
-1 1 1
-1.61803 0.618034 0
-0.618034 0 1.61803
-1.61803 0.618034 0
-1.61803 -0.618034 0
-0.618034 0 1.61803
-1.61803 -0.618034 0
-1 -1 1
-1 1 1
0 1.61803 0.618034
0 1.61803 -0.618034
-1 1 1
0 1.61803 -0.618034
-1 1 -1
-1 1 1
-1 1 -1
-1.61803 0.618034 0
